# ELLPROF results for NGC3198
#
# Map units: u = JY/BEAM*KM/S
# Pixel area: 2.25000 arcs2
#
# Columns 2-6  : ring statistics (sum, mean, median, standard deviation and median absolute deviation from the median) in map units (see above).
# Column  7    : effective number of valid pixels within the ring.
# Columns 8-10 : surface density, its error and face-on surface density (inclination corrected).
# Columns 11   : effective number of blank pixels within the ring.
# Columns 12-13: surface density and face-on surface density including area covered by blank pixels (total area: NPIX + NPIXBL).
# Columns 14-15: (ONLY FOR HI DATA!) face-on (inclination corrected) number surface density and mass surface density.
#
#  RADIUS       SUM      MEAN    MEDIAN    STDDEV       MAD      NPIX     SDENS    ERR_SD  SDENS_FO    NPIXBL   SDENSBL SDENSBL_FO  HIDENS_FO HIMASSDENS 
#  arcsec         u         u         u         u         u       pix   u/arcs2   u/arcs2   u/arcs2       pix   u/arcs2    u/arcs2   1E20/cm2   Msun/pc2 
#
   15.000 1.250e+01 3.213e-02 3.121e-02 1.629e-02 1.200e-02 3.890e+02 1.428e-02 7.242e-03 4.531e-03 9.500e+00 1.394e-02  4.423e-03  3.284e+00  2.631e+00 
   45.000 5.489e+01 4.588e-02 4.412e-02 1.888e-02 1.303e-02 1.196e+03 2.039e-02 8.393e-03 6.471e-03 0.000e+00 2.039e-02  6.471e-03  4.691e+00  3.757e+00 
   75.000 1.274e+02 6.398e-02 6.387e-02 1.894e-02 1.298e-02 1.992e+03 2.844e-02 8.419e-03 9.023e-03 5.000e-01 2.843e-02  9.021e-03  6.541e+00  5.239e+00 
  105.000 1.971e+02 7.085e-02 7.166e-02 2.456e-02 1.628e-02 2.782e+03 3.149e-02 1.092e-02 9.991e-03 9.250e+00 3.138e-02  9.958e-03  7.243e+00  5.801e+00 
  135.000 2.463e+02 6.879e-02 6.916e-02 2.326e-02 1.406e-02 3.580e+03 3.057e-02 1.034e-02 9.700e-03 7.750e+00 3.051e-02  9.679e-03  7.032e+00  5.632e+00 
  165.000 2.848e+02 6.513e-02 6.462e-02 2.294e-02 1.590e-02 4.373e+03 2.895e-02 1.020e-02 9.184e-03 1.100e+01 2.887e-02  9.161e-03  6.658e+00  5.333e+00 
  195.000 3.116e+02 6.041e-02 5.956e-02 2.268e-02 1.501e-02 5.158e+03 2.685e-02 1.008e-02 8.519e-03 1.700e+01 2.676e-02  8.491e-03  6.176e+00  4.946e+00 
  225.000 2.733e+02 4.914e-02 4.870e-02 2.333e-02 1.534e-02 5.561e+03 2.184e-02 1.037e-02 6.930e-03 4.175e+02 2.031e-02  6.446e-03  5.024e+00  4.024e+00 
  255.000 2.696e+02 4.166e-02 4.109e-02 2.101e-02 1.496e-02 6.470e+03 1.852e-02 9.339e-03 5.876e-03 3.048e+02 1.768e-02  5.611e-03  4.259e+00  3.411e+00 
  285.000 3.054e+02 4.055e-02 3.908e-02 1.770e-02 1.121e-02 7.532e+03 1.802e-02 7.867e-03 5.719e-03 4.900e+01 1.791e-02  5.682e-03  4.146e+00  3.320e+00 
  315.000 2.763e+02 3.452e-02 3.241e-02 1.865e-02 1.227e-02 8.006e+03 1.534e-02 8.287e-03 4.868e-03 3.705e+02 1.466e-02  4.653e-03  3.529e+00  2.826e+00 
  345.000 2.370e+02 2.876e-02 2.577e-02 1.810e-02 1.280e-02 8.241e+03 1.278e-02 8.045e-03 4.055e-03 9.290e+02 1.149e-02  3.645e-03  2.940e+00  2.355e+00 
  375.000 2.231e+02 2.598e-02 2.337e-02 1.563e-02 1.076e-02 8.587e+03 1.155e-02 6.949e-03 3.663e-03 1.380e+03 9.947e-03  3.156e-03  2.656e+00  2.127e+00 
  405.000 1.979e+02 2.485e-02 2.232e-02 1.500e-02 1.064e-02 7.962e+03 1.105e-02 6.669e-03 3.505e-03 2.804e+03 8.168e-03  2.592e-03  2.541e+00  2.035e+00 
  435.000 1.690e+02 2.495e-02 2.357e-02 1.424e-02 1.067e-02 6.772e+03 1.109e-02 6.328e-03 3.519e-03 4.794e+03 6.493e-03  2.060e-03  2.551e+00  2.043e+00 
  465.000 1.297e+02 2.182e-02 2.015e-02 1.264e-02 8.764e-03 5.944e+03 9.697e-03 5.616e-03 3.077e-03 6.415e+03 4.663e-03  1.480e-03  2.230e+00  1.786e+00 
  495.000 9.602e+01 1.973e-02 1.792e-02 1.178e-02 8.124e-03 4.866e+03 8.771e-03 5.238e-03 2.783e-03 8.282e+03 3.246e-03  1.030e-03  2.017e+00  1.616e+00 
  525.000 7.145e+01 1.699e-02 1.439e-02 1.042e-02 7.535e-03 4.206e+03 7.550e-03 4.629e-03 2.396e-03 9.752e+03 2.275e-03  7.219e-04  1.737e+00  1.391e+00 
  555.000 4.756e+01 1.656e-02 1.406e-02 1.032e-02 7.321e-03 2.873e+03 7.359e-03 4.587e-03 2.335e-03 1.189e+04 1.432e-03  4.545e-04  1.693e+00  1.356e+00 
  585.000 7.906e+00 9.641e-03 6.755e-03 5.276e-03 1.577e-03 8.200e+02 4.285e-03 2.345e-03 1.360e-03 1.473e+04 2.260e-04  7.172e-05  9.857e-01  7.895e-01 
  615.000 5.304e+00 1.135e-02 1.061e-02 6.613e-03 4.856e-03 4.672e+02 5.045e-03 2.939e-03 1.601e-03 1.588e+04 1.442e-04  4.577e-05  1.161e+00  9.296e-01 
  645.000 8.225e+00 1.043e-02 7.262e-03 6.150e-03 2.111e-03 7.882e+02 4.638e-03 2.733e-03 1.472e-03 1.636e+04 2.131e-04  6.763e-05  1.067e+00  8.544e-01 
  675.000 6.152e+01 2.207e-02 2.027e-02 1.295e-02 8.978e-03 2.787e+03 9.810e-03 5.755e-03 3.113e-03 1.515e+04 1.524e-03  4.836e-04  2.257e+00  1.807e+00 
  705.000 6.246e+01 2.899e-02 2.569e-02 1.864e-02 1.338e-02 2.154e+03 1.289e-02 8.284e-03 4.089e-03 1.659e+04 1.481e-03  4.699e-04  2.964e+00  2.374e+00 
  735.000 6.488e+01 2.393e-02 2.231e-02 1.349e-02 1.014e-02 2.711e+03 1.064e-02 5.996e-03 3.375e-03 1.683e+04 1.476e-03  4.682e-04  2.447e+00  1.960e+00 
