#RAD(Kpc) RAD(arcs)  VROT(km/s) DISP(km/s) INC(deg)  P.A.(deg) Z0(pc)    Z0(arcs)  DENS(un)  XPOS(pix) YPOS(pix) VSYS(km/s) VRAD(km/s) 
1.004     15.000     31.473     0.678      71.500    196.841   669.060   10.000    1.0e+00   510.300   511.900   660.700    0.000      
3.011     45.000     116.894    0.539      71.500    226.841   669.060   10.000    1.0e+00   510.300   511.900   660.700    0.000      
5.018     75.000     165.448    1.120      71.500    216.594   669.060   10.000    1.0e+00   510.300   511.900   660.700    0.000      
7.025     105.000    127.129    0.923      71.500    213.151   669.060   10.000    1.0e+00   510.300   511.900   660.700    0.000      
9.032     135.000    165.756    7.985      71.500    222.257   669.060   10.000    1.0e+00   510.300   511.900   660.700    0.000      
11.039    165.000    183.057    9.759      71.500    219.078   669.060   10.000    1.0e+00   510.300   511.900   660.700    0.000      
13.047    195.000    186.905    9.768      71.500    218.614   669.060   10.000    1.0e+00   510.300   511.900   660.700    0.000      
15.054    225.000    181.523    0.357      71.500    215.521   669.060   10.000    1.0e+00   510.300   511.900   660.700    0.000      
17.061    255.000    180.092    0.178      71.500    215.423   669.060   10.000    1.0e+00   510.300   511.900   660.700    0.000      
19.068    285.000    180.885    0.314      71.500    214.603   669.060   10.000    1.0e+00   510.300   511.900   660.700    0.000      
21.075    315.000    179.894    0.362      71.500    216.167   669.060   10.000    1.0e+00   510.300   511.900   660.700    0.000      
25.090    375.000    179.653    0.674      71.500    217.197   669.060   10.000    1.0e+00   510.300   511.900   660.700    0.000      
27.097    405.000    188.914    0.107      71.500    216.548   669.060   10.000    1.0e+00   510.300   511.900   660.700    0.000      
41.147    615.000    137.891    0.263      71.500    228.666   669.060   10.000    1.0e+00   510.300   511.900   660.700    0.000      
49.176    735.000    6.360      0.939      71.500    3.235     669.060   10.000    1.0e+00   510.300   511.900   660.700    0.000      
