# ELLPROF results for NGC3741
#
# Map units: u = JY/BEAM*KM/S
# Pixel area: 2.25000 arcs2
#
# Columns 2-6  : ring statistics (sum, mean, median, standard deviation and median absolute deviation from the median) in map units (see above).
# Column  7    : effective number of valid pixels within the ring.
# Columns 8-10 : surface density, its error and face-on surface density (inclination corrected).
# Columns 11   : effective number of blank pixels within the ring.
# Columns 12-13: surface density and face-on surface density including area covered by blank pixels (total area: NPIX + NPIXBL).
# Columns 14-15: (ONLY FOR HI DATA!) face-on (inclination corrected) number surface density and mass surface density.
#
#  RADIUS       SUM      MEAN    MEDIAN    STDDEV       MAD      NPIX     SDENS    ERR_SD  SDENS_FO    NPIXBL   SDENSBL SDENSBL_FO  HIDENS_FO HIMASSDENS 
#  arcsec         u         u         u         u         u       pix   u/arcs2   u/arcs2   u/arcs2       pix   u/arcs2    u/arcs2   1E20/cm2   Msun/pc2 
#
   10.000 3.387e+01 1.382e-01 1.481e-01 3.894e-02 3.149e-02 2.450e+02 6.143e-02 1.731e-02 2.693e-02 0.000e+00 6.143e-02  2.693e-02  1.414e+01  1.132e+01 
   30.000 7.322e+01 9.975e-02 1.006e-01 4.144e-02 3.510e-02 7.340e+02 4.433e-02 1.842e-02 1.943e-02 0.000e+00 4.433e-02  1.943e-02  1.020e+01  8.172e+00 
   50.000 7.918e+01 6.479e-02 5.655e-02 3.659e-02 2.150e-02 1.222e+03 2.880e-02 1.626e-02 1.262e-02 0.000e+00 2.880e-02  1.262e-02  6.627e+00  5.308e+00 
   70.000 8.710e+01 5.080e-02 4.649e-02 2.706e-02 1.870e-02 1.715e+03 2.258e-02 1.203e-02 9.897e-03 0.000e+00 2.258e-02  9.897e-03  5.196e+00  4.161e+00 
   90.000 9.150e+01 4.163e-02 3.743e-02 2.192e-02 1.324e-02 2.198e+03 1.850e-02 9.741e-03 8.110e-03 1.000e+00 1.849e-02  8.107e-03  4.258e+00  3.410e+00 
  110.000 9.287e+01 3.451e-02 3.107e-02 1.714e-02 9.718e-03 2.691e+03 1.534e-02 7.619e-03 6.725e-03 2.000e+00 1.533e-02  6.720e-03  3.530e+00  2.828e+00 
  130.000 9.265e+01 2.922e-02 2.567e-02 1.640e-02 9.804e-03 3.171e+03 1.299e-02 7.288e-03 5.693e-03 1.100e+01 1.294e-02  5.673e-03  2.989e+00  2.394e+00 
  150.000 7.917e+01 2.281e-02 1.887e-02 1.608e-02 1.076e-02 3.470e+03 1.014e-02 7.148e-03 4.445e-03 2.025e+02 9.581e-03  4.200e-03  2.334e+00  1.869e+00 
  170.000 6.379e+01 1.837e-02 1.429e-02 1.459e-02 9.503e-03 3.473e+03 8.163e-03 6.486e-03 3.578e-03 6.928e+02 6.806e-03  2.983e-03  1.879e+00  1.505e+00 
  190.000 5.229e+01 1.861e-02 1.527e-02 1.349e-02 8.621e-03 2.810e+03 8.271e-03 5.996e-03 3.626e-03 1.838e+03 5.000e-03  2.192e-03  1.903e+00  1.525e+00 
  210.000 4.443e+01 1.888e-02 1.633e-02 1.278e-02 9.007e-03 2.354e+03 8.391e-03 5.678e-03 3.678e-03 2.785e+03 3.843e-03  1.685e-03  1.931e+00  1.547e+00 
  230.000 4.014e+01 1.801e-02 1.472e-02 1.297e-02 8.660e-03 2.229e+03 8.005e-03 5.763e-03 3.509e-03 3.406e+03 3.166e-03  1.388e-03  1.842e+00  1.476e+00 
  250.000 3.957e+01 1.889e-02 1.705e-02 1.244e-02 9.192e-03 2.095e+03 8.394e-03 5.528e-03 3.680e-03 4.026e+03 2.873e-03  1.259e-03  1.932e+00  1.547e+00 
  270.000 4.206e+01 1.986e-02 1.739e-02 1.335e-02 9.964e-03 2.118e+03 8.829e-03 5.933e-03 3.870e-03 4.494e+03 2.828e-03  1.240e-03  2.032e+00  1.627e+00 
  290.000 4.265e+01 1.957e-02 1.730e-02 1.318e-02 9.775e-03 2.179e+03 8.699e-03 5.858e-03 3.813e-03 4.917e+03 2.671e-03  1.171e-03  2.002e+00  1.603e+00 
  310.000 4.000e+01 1.891e-02 1.751e-02 1.183e-02 9.772e-03 2.115e+03 8.406e-03 5.259e-03 3.685e-03 5.477e+03 2.342e-03  1.027e-03  1.935e+00  1.550e+00 
  330.000 2.094e+01 1.070e-02 9.503e-03 6.729e-03 4.965e-03 1.957e+03 4.755e-03 2.990e-03 2.084e-03 6.124e+03 1.151e-03  5.047e-04  1.094e+00  8.764e-01 
  350.000 4.258e-01 4.578e-03 3.707e-03 1.755e-03 5.517e-04 9.300e+01 2.035e-03 7.799e-04 8.919e-04 8.476e+03 2.208e-05  9.681e-06  4.683e-01  3.750e-01 
  370.000 2.043e-01 4.394e-03 3.873e-03 1.455e-03 5.682e-04 4.650e+01 1.953e-03 6.467e-04 8.561e-04 9.017e+03 1.002e-05  4.392e-06  4.494e-01  3.600e-01 
  390.000 1.092e+00 5.252e-03 4.037e-03 2.485e-03 8.187e-04 2.080e+02 2.334e-03 1.105e-03 1.023e-03 9.342e+03 5.084e-05  2.228e-05  5.372e-01  4.302e-01 
  410.000 5.652e-01 4.339e-03 3.860e-03 1.414e-03 4.916e-04 1.302e+02 1.929e-03 6.284e-04 8.455e-04 9.904e+03 2.504e-05  1.097e-05  4.439e-01  3.555e-01 
  430.000 0.000e+00 0.000e+00 0.000e+00 0.000e+00 0.000e+00 0.000e+00 0.000e+00 0.000e+00 0.000e+00 1.053e+04 0.000e+00  0.000e+00  0.000e+00  0.000e+00 
  450.000 0.000e+00 0.000e+00 0.000e+00 0.000e+00 0.000e+00 0.000e+00 0.000e+00 0.000e+00 0.000e+00 1.102e+04 0.000e+00  0.000e+00  0.000e+00  0.000e+00 
  470.000 0.000e+00 0.000e+00 0.000e+00 0.000e+00 0.000e+00 0.000e+00 0.000e+00 0.000e+00 0.000e+00 1.151e+04 0.000e+00  0.000e+00  0.000e+00  0.000e+00 
