#RAD(Kpc) RAD(arcs)  VROT(km/s) DISP(km/s) INC(deg)  P.A.(deg) Z0(pc)    Z0(arcs)  DENS(un)  XPOS(pix) YPOS(pix) VSYS(km/s) VRAD(km/s) 
0.156     10.000     11.973     7.393      64.000    63.699    155.629   10.000    1.0e+00   509.600   516.000   229.100    0.000      
0.467     30.000     23.051     7.324      64.000    48.074    155.629   10.000    1.0e+00   509.600   516.000   229.100    0.000      
0.778     50.000     30.516     0.174      64.000    41.019    155.629   10.000    1.0e+00   509.600   516.000   229.100    0.000      
1.089     70.000     29.067     0.906      64.000    31.670    155.629   10.000    1.0e+00   509.600   516.000   229.100    0.000      
1.401     90.000     30.126     0.346      64.000    31.771    155.629   10.000    1.0e+00   509.600   516.000   229.100    0.000      
1.712     110.000    32.578     1.018      64.000    37.776    155.629   10.000    1.0e+00   509.600   516.000   229.100    0.000      
2.023     130.000    33.405     0.296      64.000    33.101    155.629   10.000    1.0e+00   509.600   516.000   229.100    0.000      
2.334     150.000    40.407     0.213      64.000    44.564    155.629   10.000    1.0e+00   509.600   516.000   229.100    0.000      
2.646     170.000    40.529     0.247      64.000    37.514    155.629   10.000    1.0e+00   509.600   516.000   229.100    0.000      
