#RAD(Kpc) RAD(arcs)  VROT(km/s) DISP(km/s) INC(deg)  P.A.(deg) Z0(pc)    Z0(arcs)  DENS(un)  XPOS(pix) YPOS(pix) VSYS(km/s) VRAD(km/s) 
0.156     10.000     11.031     7.497      64.000    63.699    155.629   10.000    1.0e+00   509.600   516.000   229.100    0.000      
0.467     30.000     23.011     7.192      64.000    51.136    155.629   10.000    1.0e+00   509.600   516.000   229.100    0.000      
0.778     50.000     30.516     0.174      64.000    42.957    155.629   10.000    1.0e+00   509.600   516.000   229.100    0.000      
1.089     70.000     30.492     0.330      64.000    38.371    155.629   10.000    1.0e+00   509.600   516.000   229.100    0.000      
1.401     90.000     30.126     0.346      64.000    36.742    155.629   10.000    1.0e+00   509.600   516.000   229.100    0.000      
1.712     110.000    32.578     1.018      64.000    37.353    155.629   10.000    1.0e+00   509.600   516.000   229.100    0.000      
2.023     130.000    33.405     0.160      64.000    39.657    155.629   10.000    1.0e+00   509.600   516.000   229.100    0.000      
2.334     150.000    37.770     0.171      64.000    43.239    155.629   10.000    1.0e+00   509.600   516.000   229.100    0.000      
2.646     170.000    39.228     0.165      64.000    47.639    155.629   10.000    1.0e+00   509.600   516.000   229.100    0.000      
