# ELLPROF results for NGC2841H
#
# Map units: u = JY/BEAM*KM/S
# Pixel area: 2.25000 arcs2
#
# Columns 2-6  : ring statistics (sum, mean, median, standard deviation and median absolute deviation from the median) in map units (see above).
# Column  7    : effective number of valid pixels within the ring.
# Columns 8-10 : surface density, its error and face-on surface density (inclination corrected).
# Columns 11   : effective number of blank pixels within the ring.
# Columns 12-13: surface density and face-on surface density including area covered by blank pixels (total area: NPIX + NPIXBL).
# Columns 14-15: (ONLY FOR HI DATA!) face-on (inclination corrected) number surface density and mass surface density.
#
#  RADIUS       SUM      MEAN    MEDIAN    STDDEV       MAD      NPIX     SDENS    ERR_SD  SDENS_FO    NPIXBL   SDENSBL SDENSBL_FO  HIDENS_FO HIMASSDENS 
#  arcsec         u         u         u         u         u       pix   u/arcs2   u/arcs2   u/arcs2       pix   u/arcs2    u/arcs2   1E20/cm2   Msun/pc2 
#
   15.000 0.000e+00 0.000e+00 2.470e-322 0.000e+00 2.470e-322 0.000e+00 0.000e+00 0.000e+00 0.000e+00 3.530e+02 0.000e+00  0.000e+00  0.000e+00  0.000e+00 
   45.000 1.502e+00 9.703e-03 7.149e-03 4.757e-03 1.995e-03 1.548e+02 4.313e-03 2.114e-03 1.210e-03 9.028e+02 6.311e-04  1.771e-04  8.586e-01  6.877e-01 
   75.000 2.190e+01 1.820e-02 1.729e-02 1.060e-02 7.440e-03 1.203e+03 8.090e-03 4.709e-03 2.271e-03 5.590e+02 5.523e-03  1.550e-03  1.611e+00  1.290e+00 
  105.000 5.042e+01 2.413e-02 2.292e-02 1.342e-02 1.057e-02 2.090e+03 1.072e-02 5.963e-03 3.009e-03 3.805e+02 9.071e-03  2.546e-03  2.135e+00  1.710e+00 
  135.000 8.426e+01 2.781e-02 2.731e-02 1.330e-02 9.454e-03 3.030e+03 1.236e-02 5.910e-03 3.469e-03 1.442e+02 1.180e-02  3.311e-03  2.461e+00  1.971e+00 
  165.000 1.214e+02 3.163e-02 3.162e-02 1.271e-02 8.588e-03 3.840e+03 1.406e-02 5.647e-03 3.945e-03 4.100e+01 1.391e-02  3.904e-03  2.799e+00  2.242e+00 
  195.000 1.080e+02 2.479e-02 2.401e-02 1.243e-02 9.564e-03 4.356e+03 1.102e-02 5.526e-03 3.092e-03 2.340e+02 1.046e-02  2.935e-03  2.194e+00  1.757e+00 
  225.000 1.120e+02 2.282e-02 2.137e-02 1.215e-02 8.675e-03 4.908e+03 1.014e-02 5.399e-03 2.847e-03 3.818e+02 9.410e-03  2.641e-03  2.019e+00  1.617e+00 
  255.000 1.110e+02 2.103e-02 1.935e-02 1.181e-02 8.177e-03 5.278e+03 9.346e-03 5.247e-03 2.623e-03 7.170e+02 8.228e-03  2.309e-03  1.861e+00  1.490e+00 
  285.000 1.430e+02 2.359e-02 2.194e-02 1.320e-02 9.674e-03 6.062e+03 1.048e-02 5.868e-03 2.943e-03 6.448e+02 9.477e-03  2.660e-03  2.087e+00  1.672e+00 
  315.000 2.064e+02 2.914e-02 2.785e-02 1.525e-02 1.094e-02 7.083e+03 1.295e-02 6.776e-03 3.635e-03 3.158e+02 1.240e-02  3.480e-03  2.579e+00  2.065e+00 
  345.000 2.482e+02 3.164e-02 2.930e-02 1.718e-02 1.205e-02 7.843e+03 1.406e-02 7.636e-03 3.947e-03 2.742e+02 1.359e-02  3.814e-03  2.800e+00  2.243e+00 
  375.000 1.890e+02 3.030e-02 2.623e-02 1.989e-02 1.433e-02 6.240e+03 1.346e-02 8.839e-03 3.779e-03 2.577e+03 9.529e-03  2.675e-03  2.681e+00  2.147e+00 
  405.000 1.534e+02 2.932e-02 2.595e-02 1.843e-02 1.286e-02 5.231e+03 1.303e-02 8.193e-03 3.657e-03 4.292e+03 7.158e-03  2.009e-03  2.594e+00  2.078e+00 
  435.000 1.262e+02 2.571e-02 2.209e-02 1.693e-02 1.053e-02 4.909e+03 1.143e-02 7.524e-03 3.207e-03 5.319e+03 5.484e-03  1.539e-03  2.275e+00  1.822e+00 
  465.000 1.130e+02 2.414e-02 2.079e-02 1.626e-02 1.037e-02 4.680e+03 1.073e-02 7.228e-03 3.011e-03 6.255e+03 4.591e-03  1.289e-03  2.136e+00  1.711e+00 
  495.000 8.836e+01 2.237e-02 1.827e-02 1.598e-02 1.045e-02 3.950e+03 9.942e-03 7.104e-03 2.790e-03 7.685e+03 3.375e-03  9.473e-04  1.979e+00  1.585e+00 
  525.000 6.673e+01 2.247e-02 1.849e-02 1.592e-02 1.106e-02 2.970e+03 9.985e-03 7.074e-03 2.802e-03 9.367e+03 2.404e-03  6.747e-04  1.988e+00  1.592e+00 
  555.000 5.212e+01 2.020e-02 1.697e-02 1.397e-02 8.972e-03 2.581e+03 8.976e-03 6.207e-03 2.519e-03 1.048e+04 1.774e-03  4.980e-04  1.787e+00  1.431e+00 
  585.000 4.104e+01 1.819e-02 1.358e-02 1.358e-02 7.404e-03 2.257e+03 8.082e-03 6.036e-03 2.268e-03 1.150e+04 1.326e-03  3.720e-04  1.609e+00  1.289e+00 
  615.000 3.714e+01 1.817e-02 1.408e-02 1.280e-02 7.824e-03 2.045e+03 8.073e-03 5.688e-03 2.266e-03 1.242e+04 1.142e-03  3.204e-04  1.607e+00  1.287e+00 
  645.000 3.325e+01 1.822e-02 1.326e-02 1.411e-02 7.176e-03 1.825e+03 8.097e-03 6.271e-03 2.272e-03 1.333e+04 9.747e-04  2.736e-04  1.612e+00  1.291e+00 
  675.000 3.933e+01 2.475e-02 2.227e-02 1.590e-02 1.090e-02 1.589e+03 1.100e-02 7.065e-03 3.087e-03 1.428e+04 1.102e-03  3.092e-04  2.190e+00  1.754e+00 
  705.000 3.240e+01 2.034e-02 1.717e-02 1.367e-02 9.509e-03 1.592e+03 9.041e-03 6.075e-03 2.538e-03 1.499e+04 8.682e-04  2.437e-04  1.800e+00  1.442e+00 
  735.000 3.306e+01 2.135e-02 1.874e-02 1.359e-02 9.221e-03 1.549e+03 9.489e-03 6.042e-03 2.663e-03 1.573e+04 8.506e-04  2.387e-04  1.889e+00  1.513e+00 
