#RAD(Kpc) RAD(arcs)  VROT(km/s) DISP(km/s) INC(deg)  P.A.(deg) Z0(pc)    Z0(arcs)  DENS(un)  XPOS(pix) YPOS(pix) VSYS(km/s) VRAD(km/s) 
3.076     45.000     1.077      1.729      73.700    165.357   683.605   10.000    1.0e+00   507.200   512.300   633.700    0.000      
5.127     75.000     320.502    0.193      73.700    164.237   683.605   10.000    1.0e+00   507.200   512.300   633.700    0.000      
7.178     105.000    224.132    0.481      73.700    165.315   683.605   10.000    1.0e+00   507.200   512.300   633.700    0.000      
9.229     135.000    315.736    0.301      73.700    149.086   683.605   10.000    1.0e+00   507.200   512.300   633.700    0.000      
11.279    165.000    317.329    0.587      73.700    150.470   683.605   10.000    1.0e+00   507.200   512.300   633.700    0.000      
15.381    225.000    305.242    0.487      73.700    148.627   683.605   10.000    1.0e+00   507.200   512.300   633.700    0.000      
21.534    315.000    298.237    0.286      73.700    147.374   683.605   10.000    1.0e+00   507.200   512.300   633.700    0.000      
23.584    345.000    297.565    1.767      73.700    148.908   683.605   10.000    1.0e+00   507.200   512.300   633.700    0.000      
29.737    435.000    317.552    0.257      73.700    165.262   683.605   10.000    1.0e+00   507.200   512.300   633.700    0.000      
31.788    465.000    317.596    0.323      73.700    160.159   683.605   10.000    1.0e+00   507.200   512.300   633.700    0.000      
33.838    495.000    285.246    0.162      73.700    163.104   683.605   10.000    1.0e+00   507.200   512.300   633.700    0.000      
37.940    555.000    298.101    0.304      73.700    169.884   683.605   10.000    1.0e+00   507.200   512.300   633.700    0.000      
44.093    645.000    176.108    0.239      73.700    136.822   683.605   10.000    1.0e+00   507.200   512.300   633.700    0.000      
