#============================================== Initial parameters ============================================= 
#RAD(arcs) VROT(km/s) DISP(km/s) INC(deg)   P.A.(deg)  Z0(arcs)   SIG(E20)   XPOS(pix)  YPOS(pix)  VSYS(km/s) 
15.000     150.000    10.000     73.700     152.600    10.000     1.000      507.200    512.300    633.700    
45.000     150.000    10.000     73.700     152.600    10.000     1.000      507.200    512.300    633.700    
75.000     150.000    10.000     73.700     152.600    10.000     1.000      507.200    512.300    633.700    
105.000    150.000    10.000     73.700     152.600    10.000     1.000      507.200    512.300    633.700    
135.000    150.000    10.000     73.700     152.600    10.000     1.000      507.200    512.300    633.700    
165.000    150.000    10.000     73.700     152.600    10.000     1.000      507.200    512.300    633.700    
195.000    150.000    10.000     73.700     152.600    10.000     1.000      507.200    512.300    633.700    
225.000    150.000    10.000     73.700     152.600    10.000     1.000      507.200    512.300    633.700    
255.000    150.000    10.000     73.700     152.600    10.000     1.000      507.200    512.300    633.700    
285.000    150.000    10.000     73.700     152.600    10.000     1.000      507.200    512.300    633.700    
315.000    150.000    10.000     73.700     152.600    10.000     1.000      507.200    512.300    633.700    
345.000    150.000    10.000     73.700     152.600    10.000     1.000      507.200    512.300    633.700    
375.000    150.000    10.000     73.700     152.600    10.000     1.000      507.200    512.300    633.700    
405.000    150.000    10.000     73.700     152.600    10.000     1.000      507.200    512.300    633.700    
435.000    150.000    10.000     73.700     152.600    10.000     1.000      507.200    512.300    633.700    
465.000    150.000    10.000     73.700     152.600    10.000     1.000      507.200    512.300    633.700    
495.000    150.000    10.000     73.700     152.600    10.000     1.000      507.200    512.300    633.700    
525.000    150.000    10.000     73.700     152.600    10.000     1.000      507.200    512.300    633.700    
555.000    150.000    10.000     73.700     152.600    10.000     1.000      507.200    512.300    633.700    
585.000    150.000    10.000     73.700     152.600    10.000     1.000      507.200    512.300    633.700    
615.000    150.000    10.000     73.700     152.600    10.000     1.000      507.200    512.300    633.700    
645.000    150.000    10.000     73.700     152.600    10.000     1.000      507.200    512.300    633.700    
675.000    150.000    10.000     73.700     152.600    10.000     1.000      507.200    512.300    633.700    
705.000    150.000    10.000     73.700     152.600    10.000     1.000      507.200    512.300    633.700    
735.000    150.000    10.000     73.700     152.600    10.000     1.000      507.200    512.300    633.700    
