# ELLPROF results for ngc2403
#
# Map units: u = JY/BEAM*KM/S
# Pixel area: 256.00000 arcs2
#
# Columns 2-6  : ring statistics (sum, mean, median, standard deviation and median absolute deviation from the median) in map units (see above).
# Column  7    : effective number of valid pixels within the ring.
# Columns 8-10 : surface density, its error and face-on surface density (inclination corrected).
# Columns 11   : effective number of blank pixels within the ring.
# Columns 12-13: surface density and face-on surface density including area covered by blank pixels (total area: NPIX + NPIXBL).
# Columns 14-15: (ONLY FOR HI DATA!) face-on (inclination corrected) number surface density and mass surface density.
#
#  RADIUS       SUM      MEAN    MEDIAN    STDDEV       MAD      NPIX     SDENS    ERR_SD  SDENS_FO    NPIXBL   SDENSBL SDENSBL_FO  HIDENS_FO HIMASSDENS 
#  arcsec         u         u         u         u         u       pix   u/arcs2   u/arcs2   u/arcs2       pix   u/arcs2    u/arcs2   1E20/cm2   Msun/pc2 
#
   15.000 3.001e+01 5.456e+00 5.431e+00 7.778e-02 3.704e-02 5.500e+00 2.131e-02 3.038e-04 1.066e-02 0.000e+00 2.131e-02  1.066e-02  8.680e+00  6.952e+00 
   45.000 9.119e+01 5.527e+00 5.514e+00 1.608e-01 1.063e-01 1.650e+01 2.159e-02 6.282e-04 1.079e-02 0.000e+00 2.159e-02  1.079e-02  8.793e+00  7.043e+00 
   75.000 1.578e+02 5.536e+00 5.617e+00 3.423e-01 2.252e-01 2.850e+01 2.163e-02 1.337e-03 1.081e-02 0.000e+00 2.163e-02  1.081e-02  8.808e+00  7.055e+00 
  105.000 2.063e+02 5.577e+00 5.474e+00 5.053e-01 3.796e-01 3.700e+01 2.178e-02 1.974e-03 1.089e-02 0.000e+00 2.178e-02  1.089e-02  8.873e+00  7.106e+00 
  135.000 2.856e+02 5.770e+00 5.593e+00 7.860e-01 6.348e-01 4.950e+01 2.254e-02 3.070e-03 1.127e-02 0.000e+00 2.254e-02  1.127e-02  9.180e+00  7.353e+00 
  165.000 3.920e+02 6.222e+00 6.126e+00 1.097e+00 7.915e-01 6.300e+01 2.431e-02 4.284e-03 1.215e-02 0.000e+00 2.431e-02  1.215e-02  9.899e+00  7.929e+00 
  195.000 4.547e+02 6.495e+00 6.380e+00 1.257e+00 9.443e-01 7.000e+01 2.537e-02 4.910e-03 1.269e-02 0.000e+00 2.537e-02  1.269e-02  1.033e+01  8.277e+00 
  225.000 5.540e+02 6.595e+00 6.748e+00 1.269e+00 9.856e-01 8.400e+01 2.576e-02 4.959e-03 1.288e-02 0.000e+00 2.576e-02  1.288e-02  1.049e+01  8.404e+00 
  255.000 5.958e+02 6.407e+00 6.488e+00 1.040e+00 7.744e-01 9.300e+01 2.503e-02 4.061e-03 1.251e-02 0.000e+00 2.503e-02  1.251e-02  1.019e+01  8.164e+00 
  285.000 6.208e+02 5.941e+00 5.971e+00 8.643e-01 5.429e-01 1.045e+02 2.321e-02 3.376e-03 1.160e-02 0.000e+00 2.321e-02  1.160e-02  9.452e+00  7.570e+00 
  315.000 6.316e+02 5.353e+00 5.328e+00 9.270e-01 5.134e-01 1.180e+02 2.091e-02 3.621e-03 1.045e-02 0.000e+00 2.091e-02  1.045e-02  8.516e+00  6.821e+00 
  345.000 6.055e+02 4.864e+00 4.813e+00 1.132e+00 5.712e-01 1.245e+02 1.900e-02 4.423e-03 9.499e-03 0.000e+00 1.900e-02  9.499e-03  7.738e+00  6.198e+00 
  375.000 6.282e+02 4.487e+00 4.448e+00 1.154e+00 7.112e-01 1.400e+02 1.753e-02 4.509e-03 8.764e-03 0.000e+00 1.753e-02  8.764e-03  7.139e+00  5.718e+00 
  405.000 6.290e+02 4.250e+00 4.140e+00 1.024e+00 6.384e-01 1.480e+02 1.660e-02 4.001e-03 8.301e-03 0.000e+00 1.660e-02  8.301e-03  6.762e+00  5.416e+00 
  435.000 6.640e+02 4.137e+00 4.125e+00 8.931e-01 5.252e-01 1.605e+02 1.616e-02 3.489e-03 8.080e-03 0.000e+00 1.616e-02  8.080e-03  6.582e+00  5.271e+00 
  465.000 6.827e+02 3.993e+00 4.053e+00 8.103e-01 4.703e-01 1.710e+02 1.560e-02 3.165e-03 7.798e-03 0.000e+00 1.560e-02  7.798e-03  6.352e+00  5.088e+00 
  495.000 6.879e+02 3.780e+00 3.910e+00 7.633e-01 4.135e-01 1.820e+02 1.477e-02 2.982e-03 7.383e-03 0.000e+00 1.477e-02  7.383e-03  6.014e+00  4.817e+00 
  525.000 6.827e+02 3.510e+00 3.657e+00 7.216e-01 4.649e-01 1.945e+02 1.371e-02 2.819e-03 6.855e-03 0.000e+00 1.371e-02  6.855e-03  5.584e+00  4.473e+00 
  555.000 6.639e+02 3.270e+00 3.327e+00 6.972e-01 5.737e-01 2.030e+02 1.278e-02 2.724e-03 6.388e-03 0.000e+00 1.278e-02  6.388e-03  5.203e+00  4.167e+00 
  585.000 6.473e+02 3.032e+00 3.000e+00 6.571e-01 5.176e-01 2.135e+02 1.184e-02 2.567e-03 5.922e-03 0.000e+00 1.184e-02  5.922e-03  4.824e+00  3.863e+00 
  615.000 6.324e+02 2.767e+00 2.771e+00 6.262e-01 5.237e-01 2.285e+02 1.081e-02 2.446e-03 5.405e-03 0.000e+00 1.081e-02  5.405e-03  4.403e+00  3.527e+00 
  645.000 6.117e+02 2.554e+00 2.578e+00 6.115e-01 5.340e-01 2.395e+02 9.977e-03 2.389e-03 4.989e-03 0.000e+00 9.977e-03  4.989e-03  4.064e+00  3.255e+00 
  675.000 5.756e+02 2.349e+00 2.409e+00 6.001e-01 4.790e-01 2.450e+02 9.178e-03 2.344e-03 4.589e-03 0.000e+00 9.178e-03  4.589e-03  3.738e+00  2.994e+00 
  705.000 5.581e+02 2.146e+00 2.187e+00 6.085e-01 4.810e-01 2.600e+02 8.385e-03 2.377e-03 4.192e-03 0.000e+00 8.385e-03  4.192e-03  3.415e+00  2.735e+00 
  735.000 5.233e+02 1.931e+00 1.831e+00 6.067e-01 4.509e-01 2.710e+02 7.543e-03 2.370e-03 3.772e-03 0.000e+00 7.543e-03  3.772e-03  3.072e+00  2.461e+00 
  765.000 4.869e+02 1.711e+00 1.543e+00 5.770e-01 3.301e-01 2.845e+02 6.685e-03 2.254e-03 3.342e-03 0.000e+00 6.685e-03  3.342e-03  2.723e+00  2.181e+00 
  795.000 4.444e+02 1.517e+00 1.400e+00 5.225e-01 3.225e-01 2.930e+02 5.924e-03 2.041e-03 2.962e-03 0.000e+00 5.924e-03  2.962e-03  2.413e+00  1.933e+00 
  825.000 3.989e+02 1.341e+00 1.215e+00 4.893e-01 3.326e-01 2.975e+02 5.238e-03 1.911e-03 2.619e-03 0.000e+00 5.238e-03  2.619e-03  2.133e+00  1.709e+00 
  855.000 3.777e+02 1.180e+00 1.069e+00 4.887e-01 3.396e-01 3.200e+02 4.611e-03 1.909e-03 2.305e-03 0.000e+00 4.611e-03  2.305e-03  1.878e+00  1.504e+00 
  885.000 3.386e+02 1.043e+00 9.307e-01 4.930e-01 3.165e-01 3.245e+02 4.076e-03 1.926e-03 2.038e-03 0.000e+00 4.076e-03  2.038e-03  1.660e+00  1.330e+00 
  915.000 3.110e+02 9.257e-01 7.552e-01 4.822e-01 2.522e-01 3.360e+02 3.616e-03 1.884e-03 1.808e-03 0.000e+00 3.616e-03  1.808e-03  1.473e+00  1.180e+00 
  945.000 2.869e+02 8.209e-01 6.707e-01 4.691e-01 2.414e-01 3.495e+02 3.207e-03 1.832e-03 1.603e-03 0.000e+00 3.207e-03  1.603e-03  1.306e+00  1.046e+00 
  975.000 2.544e+02 7.135e-01 5.915e-01 4.305e-01 2.364e-01 3.565e+02 2.787e-03 1.681e-03 1.394e-03 0.000e+00 2.787e-03  1.394e-03  1.135e+00  9.092e-01 
 1005.000 2.256e+02 6.088e-01 4.744e-01 3.746e-01 1.865e-01 3.705e+02 2.378e-03 1.463e-03 1.189e-03 0.000e+00 2.378e-03  1.189e-03  9.687e-01  7.758e-01 
 1035.000 2.006e+02 5.191e-01 3.958e-01 3.194e-01 1.568e-01 3.865e+02 2.028e-03 1.248e-03 1.014e-03 0.000e+00 2.028e-03  1.014e-03  8.258e-01  6.614e-01 
 1065.000 1.745e+02 4.485e-01 3.692e-01 2.665e-01 1.437e-01 3.890e+02 1.752e-03 1.041e-03 8.759e-04 0.000e+00 1.752e-03  8.759e-04  7.135e-01  5.715e-01 
 1095.000 1.523e+02 3.779e-01 3.296e-01 2.234e-01 1.403e-01 4.030e+02 1.476e-03 8.727e-04 7.380e-04 0.000e+00 1.476e-03  7.380e-04  6.012e-01  4.815e-01 
 1125.000 1.299e+02 3.166e-01 2.634e-01 1.895e-01 1.152e-01 4.105e+02 1.237e-03 7.401e-04 6.183e-04 0.000e+00 1.237e-03  6.183e-04  5.036e-01  4.034e-01 
 1155.000 1.135e+02 2.641e-01 1.984e-01 1.615e-01 9.455e-02 4.295e+02 1.032e-03 6.307e-04 5.159e-04 0.000e+00 1.032e-03  5.159e-04  4.203e-01  3.366e-01 
 1185.000 9.663e+01 2.211e-01 1.814e-01 1.405e-01 8.824e-02 4.370e+02 8.637e-04 5.488e-04 4.319e-04 0.000e+00 8.637e-04  4.319e-04  3.518e-01  2.818e-01 
 1215.000 8.174e+01 1.859e-01 1.571e-01 1.290e-01 7.917e-02 4.398e+02 7.261e-04 5.038e-04 3.631e-04 1.750e+00 7.232e-04  3.616e-04  2.957e-01  2.369e-01 
