#RAD(Kpc) RAD(arcs)  VROT(km/s) DISP(km/s) INC(deg)  P.A.(deg) Z0(pc)    Z0(arcs)  DENS(un)  XPOS(pix) YPOS(pix) VSYS(km/s) VRAD(km/s) 
0.233     15.000     53.970     17.966     60.000    124.313   155.144   10.000    1.0e+00   77.000    77.000    132.800    0.000      
0.698     45.000     67.226     20.563     60.000    124.313   155.144   10.000    1.0e+00   77.000    77.000    132.800    0.000      
1.164     75.000     76.110     19.637     60.000    124.313   155.144   10.000    1.0e+00   77.000    77.000    132.800    0.000      
1.629     105.000    84.727     17.765     60.000    124.313   155.144   10.000    1.0e+00   77.000    77.000    132.800    0.000      
2.094     135.000    90.560     15.209     60.000    124.313   155.144   10.000    1.0e+00   77.000    77.000    132.800    0.000      
2.560     165.000    95.101     14.908     60.000    124.313   155.144   10.000    1.0e+00   77.000    77.000    132.800    0.000      
3.025     195.000    102.762    13.598     60.000    124.313   155.144   10.000    1.0e+00   77.000    77.000    132.800    0.000      
3.491     225.000    108.843    13.654     60.000    124.313   155.144   10.000    1.0e+00   77.000    77.000    132.800    0.000      
3.956     255.000    114.844    13.761     60.000    124.313   155.144   10.000    1.0e+00   77.000    77.000    132.800    0.000      
4.422     285.000    120.208    13.666     60.000    124.313   155.144   10.000    1.0e+00   77.000    77.000    132.800    0.000      
4.887     315.000    121.442    13.945     60.000    124.313   155.144   10.000    1.0e+00   77.000    77.000    132.800    0.000      
5.352     345.000    123.781    13.028     60.000    124.313   155.144   10.000    1.0e+00   77.000    77.000    132.800    0.000      
5.818     375.000    123.774    12.644     60.000    124.313   155.144   10.000    1.0e+00   77.000    77.000    132.800    0.000      
6.283     405.000    124.428    11.998     60.000    124.313   155.144   10.000    1.0e+00   77.000    77.000    132.800    0.000      
6.749     435.000    127.376    12.345     60.000    124.313   155.144   10.000    1.0e+00   77.000    77.000    132.800    0.000      
7.214     465.000    128.309    11.919     60.000    124.313   155.144   10.000    1.0e+00   77.000    77.000    132.800    0.000      
7.680     495.000    127.162    11.924     60.000    124.313   155.144   10.000    1.0e+00   77.000    77.000    132.800    0.000      
8.145     525.000    126.737    11.874     60.000    124.313   155.144   10.000    1.0e+00   77.000    77.000    132.800    0.000      
8.611     555.000    127.254    11.896     60.000    124.313   155.144   10.000    1.0e+00   77.000    77.000    132.800    0.000      
9.076     585.000    126.427    11.039     60.000    124.313   155.144   10.000    1.0e+00   77.000    77.000    132.800    0.000      
9.541     615.000    125.806    10.112     60.000    124.313   155.144   10.000    1.0e+00   77.000    77.000    132.800    0.000      
10.007    645.000    126.789    9.514      60.000    124.313   155.144   10.000    1.0e+00   77.000    77.000    132.800    0.000      
10.472    675.000    128.495    9.245      60.000    124.313   155.144   10.000    1.0e+00   77.000    77.000    132.800    0.000      
10.938    705.000    130.301    8.920      60.000    124.313   155.144   10.000    1.0e+00   77.000    77.000    132.800    0.000      
11.403    735.000    130.939    8.749      60.000    124.313   155.144   10.000    1.0e+00   77.000    77.000    132.800    0.000      
11.869    765.000    132.306    9.707      60.000    124.313   155.144   10.000    1.0e+00   77.000    77.000    132.800    0.000      
12.334    795.000    132.564    9.487      60.000    124.313   155.144   10.000    1.0e+00   77.000    77.000    132.800    0.000      
12.799    825.000    133.275    9.564      60.000    124.313   155.144   10.000    1.0e+00   77.000    77.000    132.800    0.000      
13.265    855.000    134.163    10.493     60.000    124.313   155.144   10.000    1.0e+00   77.000    77.000    132.800    0.000      
13.730    885.000    134.288    11.343     60.000    124.313   155.144   10.000    1.0e+00   77.000    77.000    132.800    0.000      
14.196    915.000    133.328    10.677     60.000    124.313   155.144   10.000    1.0e+00   77.000    77.000    132.800    0.000      
14.661    945.000    133.433    10.553     60.000    124.313   155.144   10.000    1.0e+00   77.000    77.000    132.800    0.000      
15.127    975.000    133.909    9.330      60.000    124.313   155.144   10.000    1.0e+00   77.000    77.000    132.800    0.000      
15.592    1005.000   134.666    9.210      60.000    124.313   155.144   10.000    1.0e+00   77.000    77.000    132.800    0.000      
16.057    1035.000   134.765    10.327     60.000    124.313   155.144   10.000    1.0e+00   77.000    77.000    132.800    0.000      
16.523    1065.000   135.362    10.767     60.000    124.313   155.144   10.000    1.0e+00   77.000    77.000    132.800    0.000      
16.988    1095.000   136.168    9.899      60.000    124.313   155.144   10.000    1.0e+00   77.000    77.000    132.800    0.000      
17.454    1125.000   136.574    9.797      60.000    124.313   155.144   10.000    1.0e+00   77.000    77.000    132.800    0.000      
17.919    1155.000   136.687    10.822     60.000    124.313   155.144   10.000    1.0e+00   77.000    77.000    132.800    0.000      
18.385    1185.000   136.838    11.361     60.000    124.313   155.144   10.000    1.0e+00   77.000    77.000    132.800    0.000      
18.850    1215.000   30.471     0.135      60.000    124.313   155.144   10.000    1.0e+00   77.000    77.000    132.800    0.000      
