#RAD(Kpc) RAD(arcs)  VROT(km/s) DISP(km/s) INC(deg)  P.A.(deg) Z0(pc)    Z0(arcs)  DENS(un)  XPOS(pix) YPOS(pix) VSYS(km/s) VRAD(km/s) 
0.233     15.000     53.842     17.917     60.000    140.602   155.144   10.000    1.0e+00   77.000    77.000    132.800    0.000      
0.698     45.000     65.349     21.024     60.000    136.096   155.144   10.000    1.0e+00   77.000    77.000    132.800    0.000      
1.164     75.000     76.110     19.637     60.000    124.173   155.144   10.000    1.0e+00   77.000    77.000    132.800    0.000      
1.629     105.000    86.138     16.143     60.000    128.079   155.144   10.000    1.0e+00   77.000    77.000    132.800    0.000      
2.094     135.000    89.586     15.334     60.000    118.476   155.144   10.000    1.0e+00   77.000    77.000    132.800    0.000      
2.560     165.000    96.114     14.585     60.000    119.609   155.144   10.000    1.0e+00   77.000    77.000    132.800    0.000      
3.025     195.000    102.086    14.654     60.000    117.062   155.144   10.000    1.0e+00   77.000    77.000    132.800    0.000      
3.491     225.000    108.255    14.005     60.000    121.392   155.144   10.000    1.0e+00   77.000    77.000    132.800    0.000      
3.956     255.000    114.814    13.398     60.000    123.316   155.144   10.000    1.0e+00   77.000    77.000    132.800    0.000      
4.422     285.000    120.208    13.666     60.000    123.910   155.144   10.000    1.0e+00   77.000    77.000    132.800    0.000      
4.887     315.000    122.354    14.901     60.000    126.009   155.144   10.000    1.0e+00   77.000    77.000    132.800    0.000      
5.352     345.000    124.847    12.886     60.000    125.539   155.144   10.000    1.0e+00   77.000    77.000    132.800    0.000      
5.818     375.000    123.395    12.884     60.000    124.838   155.144   10.000    1.0e+00   77.000    77.000    132.800    0.000      
6.283     405.000    124.954    12.313     60.000    125.677   155.144   10.000    1.0e+00   77.000    77.000    132.800    0.000      
6.749     435.000    127.236    11.953     60.000    125.669   155.144   10.000    1.0e+00   77.000    77.000    132.800    0.000      
7.214     465.000    126.772    11.147     60.000    124.820   155.144   10.000    1.0e+00   77.000    77.000    132.800    0.000      
7.680     495.000    126.215    11.115     60.000    124.180   155.144   10.000    1.0e+00   77.000    77.000    132.800    0.000      
8.145     525.000    127.174    12.066     60.000    124.441   155.144   10.000    1.0e+00   77.000    77.000    132.800    0.000      
8.611     555.000    127.511    12.116     60.000    125.236   155.144   10.000    1.0e+00   77.000    77.000    132.800    0.000      
9.076     585.000    127.036    10.921     60.000    124.433   155.144   10.000    1.0e+00   77.000    77.000    132.800    0.000      
9.541     615.000    126.682    10.495     60.000    124.493   155.144   10.000    1.0e+00   77.000    77.000    132.800    0.000      
10.007    645.000    128.147    9.208      60.000    122.898   155.144   10.000    1.0e+00   77.000    77.000    132.800    0.000      
10.472    675.000    128.333    9.213      60.000    123.092   155.144   10.000    1.0e+00   77.000    77.000    132.800    0.000      
10.938    705.000    130.238    8.920      60.000    122.878   155.144   10.000    1.0e+00   77.000    77.000    132.800    0.000      
11.403    735.000    131.091    8.753      60.000    123.251   155.144   10.000    1.0e+00   77.000    77.000    132.800    0.000      
11.869    765.000    132.506    9.653      60.000    123.820   155.144   10.000    1.0e+00   77.000    77.000    132.800    0.000      
12.334    795.000    133.036    9.109      60.000    124.076   155.144   10.000    1.0e+00   77.000    77.000    132.800    0.000      
12.799    825.000    133.603    9.923      60.000    123.308   155.144   10.000    1.0e+00   77.000    77.000    132.800    0.000      
13.265    855.000    134.163    10.493     60.000    122.601   155.144   10.000    1.0e+00   77.000    77.000    132.800    0.000      
13.730    885.000    135.175    11.731     60.000    124.313   155.144   10.000    1.0e+00   77.000    77.000    132.800    0.000      
14.196    915.000    133.752    10.027     60.000    125.552   155.144   10.000    1.0e+00   77.000    77.000    132.800    0.000      
14.661    945.000    133.243    9.465      60.000    125.492   155.144   10.000    1.0e+00   77.000    77.000    132.800    0.000      
15.127    975.000    134.774    9.970      60.000    126.762   155.144   10.000    1.0e+00   77.000    77.000    132.800    0.000      
15.592    1005.000   133.436    10.289     60.000    125.581   155.144   10.000    1.0e+00   77.000    77.000    132.800    0.000      
16.057    1035.000   134.977    10.001     60.000    125.484   155.144   10.000    1.0e+00   77.000    77.000    132.800    0.000      
16.523    1065.000   137.163    10.080     60.000    125.090   155.144   10.000    1.0e+00   77.000    77.000    132.800    0.000      
16.988    1095.000   136.168    9.899      60.000    125.619   155.144   10.000    1.0e+00   77.000    77.000    132.800    0.000      
17.454    1125.000   136.574    9.797      60.000    124.131   155.144   10.000    1.0e+00   77.000    77.000    132.800    0.000      
17.919    1155.000   135.859    10.710     60.000    123.041   155.144   10.000    1.0e+00   77.000    77.000    132.800    0.000      
18.385    1185.000   135.260    11.059     60.000    122.260   155.144   10.000    1.0e+00   77.000    77.000    132.800    0.000      
18.850    1215.000   25.471     0.242      60.000    -1.224    155.144   10.000    1.0e+00   77.000    77.000    132.800    0.000      
