#============================================== Initial parameters ============================================= 
#RAD(arcs) VROT(km/s) DISP(km/s) INC(deg)   P.A.(deg)  Z0(arcs)   SIG(E20)   XPOS(pix)  YPOS(pix)  VSYS(km/s) 
15.000     120.000    8.000      60.000     123.700    10.000     1.000      77.000     77.000     132.800    
45.000     120.000    8.000      60.000     123.700    10.000     1.000      77.000     77.000     132.800    
75.000     120.000    8.000      60.000     123.700    10.000     1.000      77.000     77.000     132.800    
105.000    120.000    8.000      60.000     123.700    10.000     1.000      77.000     77.000     132.800    
135.000    120.000    8.000      60.000     123.700    10.000     1.000      77.000     77.000     132.800    
165.000    120.000    8.000      60.000     123.700    10.000     1.000      77.000     77.000     132.800    
195.000    120.000    8.000      60.000     123.700    10.000     1.000      77.000     77.000     132.800    
225.000    120.000    8.000      60.000     123.700    10.000     1.000      77.000     77.000     132.800    
255.000    120.000    8.000      60.000     123.700    10.000     1.000      77.000     77.000     132.800    
285.000    120.000    8.000      60.000     123.700    10.000     1.000      77.000     77.000     132.800    
315.000    120.000    8.000      60.000     123.700    10.000     1.000      77.000     77.000     132.800    
345.000    120.000    8.000      60.000     123.700    10.000     1.000      77.000     77.000     132.800    
375.000    120.000    8.000      60.000     123.700    10.000     1.000      77.000     77.000     132.800    
405.000    120.000    8.000      60.000     123.700    10.000     1.000      77.000     77.000     132.800    
435.000    120.000    8.000      60.000     123.700    10.000     1.000      77.000     77.000     132.800    
465.000    120.000    8.000      60.000     123.700    10.000     1.000      77.000     77.000     132.800    
495.000    120.000    8.000      60.000     123.700    10.000     1.000      77.000     77.000     132.800    
525.000    120.000    8.000      60.000     123.700    10.000     1.000      77.000     77.000     132.800    
555.000    120.000    8.000      60.000     123.700    10.000     1.000      77.000     77.000     132.800    
585.000    120.000    8.000      60.000     123.700    10.000     1.000      77.000     77.000     132.800    
615.000    120.000    8.000      60.000     123.700    10.000     1.000      77.000     77.000     132.800    
645.000    120.000    8.000      60.000     123.700    10.000     1.000      77.000     77.000     132.800    
675.000    120.000    8.000      60.000     123.700    10.000     1.000      77.000     77.000     132.800    
705.000    120.000    8.000      60.000     123.700    10.000     1.000      77.000     77.000     132.800    
735.000    120.000    8.000      60.000     123.700    10.000     1.000      77.000     77.000     132.800    
765.000    120.000    8.000      60.000     123.700    10.000     1.000      77.000     77.000     132.800    
795.000    120.000    8.000      60.000     123.700    10.000     1.000      77.000     77.000     132.800    
825.000    120.000    8.000      60.000     123.700    10.000     1.000      77.000     77.000     132.800    
855.000    120.000    8.000      60.000     123.700    10.000     1.000      77.000     77.000     132.800    
885.000    120.000    8.000      60.000     123.700    10.000     1.000      77.000     77.000     132.800    
915.000    120.000    8.000      60.000     123.700    10.000     1.000      77.000     77.000     132.800    
945.000    120.000    8.000      60.000     123.700    10.000     1.000      77.000     77.000     132.800    
975.000    120.000    8.000      60.000     123.700    10.000     1.000      77.000     77.000     132.800    
1005.000   120.000    8.000      60.000     123.700    10.000     1.000      77.000     77.000     132.800    
1035.000   120.000    8.000      60.000     123.700    10.000     1.000      77.000     77.000     132.800    
1065.000   120.000    8.000      60.000     123.700    10.000     1.000      77.000     77.000     132.800    
1095.000   120.000    8.000      60.000     123.700    10.000     1.000      77.000     77.000     132.800    
1125.000   120.000    8.000      60.000     123.700    10.000     1.000      77.000     77.000     132.800    
1155.000   120.000    8.000      60.000     123.700    10.000     1.000      77.000     77.000     132.800    
1185.000   120.000    8.000      60.000     123.700    10.000     1.000      77.000     77.000     132.800    
1215.000   120.000    8.000      60.000     123.700    10.000     1.000      77.000     77.000     132.800    
