# ELLPROF results for NGC3521H
#
# Map units: u = JY/BEAM*KM/S
# Pixel area: 2.25000 arcs2
#
# Columns 2-6  : ring statistics (sum, mean, median, standard deviation and median absolute deviation from the median) in map units (see above).
# Column  7    : effective number of valid pixels within the ring.
# Columns 8-10 : surface density, its error and face-on surface density (inclination corrected).
# Columns 11   : effective number of blank pixels within the ring.
# Columns 12-13: surface density and face-on surface density including area covered by blank pixels (total area: NPIX + NPIXBL).
# Columns 14-15: (ONLY FOR HI DATA!) face-on (inclination corrected) number surface density and mass surface density.
#
#  RADIUS       SUM      MEAN    MEDIAN    STDDEV       MAD      NPIX     SDENS    ERR_SD  SDENS_FO    NPIXBL   SDENSBL SDENSBL_FO  HIDENS_FO HIMASSDENS 
#  arcsec         u         u         u         u         u       pix   u/arcs2   u/arcs2   u/arcs2       pix   u/arcs2    u/arcs2   1E20/cm2   Msun/pc2 
#
   15.000 3.022e+01 8.113e-02 7.667e-02 2.997e-02 1.991e-02 3.725e+02 3.606e-02 1.332e-02 1.072e-02 0.000e+00 3.606e-02  1.072e-02  5.086e+00  4.073e+00 
   45.000 1.530e+02 1.360e-01 1.349e-01 3.977e-02 2.605e-02 1.125e+03 6.044e-02 1.768e-02 1.797e-02 0.000e+00 6.044e-02  1.797e-02  8.524e+00  6.828e+00 
   75.000 3.128e+02 1.670e-01 1.688e-01 4.126e-02 2.884e-02 1.873e+03 7.423e-02 1.834e-02 2.207e-02 0.000e+00 7.423e-02  2.207e-02  1.047e+01  8.384e+00 
  105.000 5.044e+02 1.928e-01 1.912e-01 3.373e-02 2.264e-02 2.616e+03 8.568e-02 1.499e-02 2.548e-02 0.000e+00 8.568e-02  2.548e-02  1.208e+01  9.678e+00 
  135.000 6.102e+02 1.816e-01 1.794e-01 4.124e-02 2.662e-02 3.361e+03 8.070e-02 1.833e-02 2.400e-02 0.000e+00 8.070e-02  2.400e-02  1.138e+01  9.116e+00 
  165.000 6.985e+02 1.698e-01 1.708e-01 3.524e-02 2.317e-02 4.113e+03 7.548e-02 1.566e-02 2.245e-02 3.000e+00 7.543e-02  2.243e-02  1.065e+01  8.526e+00 
  195.000 8.091e+02 1.671e-01 1.665e-01 4.492e-02 2.750e-02 4.842e+03 7.428e-02 1.997e-02 2.209e-02 1.425e+01 7.406e-02  2.202e-02  1.048e+01  8.390e+00 
  225.000 8.957e+02 1.598e-01 1.562e-01 5.864e-02 4.168e-02 5.605e+03 7.102e-02 2.606e-02 2.112e-02 0.000e+00 7.102e-02  2.112e-02  1.002e+01  8.022e+00 
  255.000 9.569e+02 1.505e-01 1.468e-01 5.848e-02 4.637e-02 6.356e+03 6.691e-02 2.599e-02 1.990e-02 0.000e+00 6.691e-02  1.990e-02  9.436e+00  7.558e+00 
  285.000 9.486e+02 1.337e-01 1.266e-01 5.003e-02 3.448e-02 7.093e+03 5.944e-02 2.223e-02 1.768e-02 2.250e+00 5.943e-02  1.767e-02  8.383e+00  6.715e+00 
  315.000 7.911e+02 1.010e-01 9.887e-02 4.091e-02 2.625e-02 7.833e+03 4.489e-02 1.818e-02 1.335e-02 2.025e+01 4.477e-02  1.331e-02  6.330e+00  5.070e+00 
  345.000 6.023e+02 7.277e-02 7.257e-02 3.657e-02 2.776e-02 8.276e+03 3.234e-02 1.625e-02 9.618e-03 3.152e+02 3.116e-02  9.265e-03  4.562e+00  3.653e+00 
  375.000 4.720e+02 5.623e-02 4.846e-02 3.608e-02 2.366e-02 8.394e+03 2.499e-02 1.604e-02 7.432e-03 9.462e+02 2.246e-02  6.679e-03  3.525e+00  2.823e+00 
  405.000 3.505e+02 4.447e-02 3.643e-02 3.277e-02 2.064e-02 7.882e+03 1.976e-02 1.457e-02 5.877e-03 2.206e+03 1.544e-02  4.592e-03  2.787e+00  2.232e+00 
  435.000 2.237e+02 3.677e-02 2.700e-02 3.096e-02 1.758e-02 6.084e+03 1.634e-02 1.376e-02 4.860e-03 4.756e+03 9.172e-03  2.728e-03  2.305e+00  1.846e+00 
  465.000 1.770e+02 4.098e-02 3.167e-02 3.218e-02 1.877e-02 4.320e+03 1.821e-02 1.430e-02 5.416e-03 7.262e+03 6.793e-03  2.020e-03  2.569e+00  2.057e+00 
  495.000 1.545e+02 4.389e-02 3.475e-02 3.251e-02 1.968e-02 3.522e+03 1.951e-02 1.445e-02 5.800e-03 8.815e+03 5.568e-03  1.656e-03  2.751e+00  2.203e+00 
  525.000 1.424e+02 4.657e-02 3.741e-02 3.449e-02 2.231e-02 3.058e+03 2.070e-02 1.533e-02 6.155e-03 1.002e+04 4.840e-03  1.439e-03  2.919e+00  2.338e+00 
  555.000 1.298e+02 4.471e-02 3.534e-02 3.253e-02 1.955e-02 2.903e+03 1.987e-02 1.446e-02 5.909e-03 1.092e+04 4.173e-03  1.241e-03  2.802e+00  2.244e+00 
  585.000 1.083e+02 3.633e-02 2.317e-02 3.274e-02 1.542e-02 2.981e+03 1.615e-02 1.455e-02 4.802e-03 1.160e+04 3.302e-03  9.819e-04  2.277e+00  1.824e+00 
  615.000 6.062e+01 2.348e-02 1.586e-02 1.999e-02 8.366e-03 2.582e+03 1.044e-02 8.885e-03 3.104e-03 1.273e+04 1.760e-03  5.233e-04  1.472e+00  1.179e+00 
  645.000 9.185e+01 3.610e-02 2.132e-02 3.374e-02 1.383e-02 2.544e+03 1.604e-02 1.500e-02 4.771e-03 1.353e+04 2.540e-03  7.553e-04  2.263e+00  1.812e+00 
  675.000 1.803e+02 7.446e-02 6.423e-02 5.392e-02 4.251e-02 2.422e+03 3.309e-02 2.397e-02 9.841e-03 1.439e+04 4.767e-03  1.418e-03  4.667e+00  3.738e+00 
  705.000 1.701e+02 8.523e-02 8.031e-02 6.039e-02 4.335e-02 1.996e+03 3.788e-02 2.684e-02 1.126e-02 1.556e+04 4.305e-03  1.280e-03  5.342e+00  4.279e+00 
  735.000 1.525e+02 6.722e-02 6.784e-02 4.164e-02 3.657e-02 2.268e+03 2.987e-02 1.851e-02 8.884e-03 1.605e+04 3.699e-03  1.100e-03  4.213e+00  3.375e+00 
