#RAD(Kpc) RAD(arcs)  VROT(km/s) DISP(km/s) INC(deg)  P.A.(deg) Z0(pc)    Z0(arcs)  DENS(un)  XPOS(pix) YPOS(pix) VSYS(km/s) VRAD(km/s) 
0.778     15.000     117.562    0.449      72.700    355.683   518.764   10.000    1.0e+00   505.000   515.900   803.500    0.000      
2.334     45.000     213.964    1.922      72.700    343.050   518.764   10.000    1.0e+00   505.000   515.900   803.500    0.000      
3.891     75.000     223.953    0.970      72.700    342.575   518.764   10.000    1.0e+00   505.000   515.900   803.500    0.000      
5.447     105.000    233.919    0.244      72.700    343.206   518.764   10.000    1.0e+00   505.000   515.900   803.500    0.000      
7.003     135.000    233.690    0.510      72.700    343.124   518.764   10.000    1.0e+00   505.000   515.900   803.500    0.000      
8.560     165.000    230.319    10.910     72.700    344.311   518.764   10.000    1.0e+00   505.000   515.900   803.500    0.000      
10.116    195.000    226.223    11.740     72.700    344.953   518.764   10.000    1.0e+00   505.000   515.900   803.500    0.000      
11.672    225.000    223.647    1.018      72.700    343.075   518.764   10.000    1.0e+00   505.000   515.900   803.500    0.000      
13.228    255.000    224.954    6.874      72.700    341.608   518.764   10.000    1.0e+00   505.000   515.900   803.500    0.000      
14.785    285.000    238.497    0.480      72.700    342.070   518.764   10.000    1.0e+00   505.000   515.900   803.500    0.000      
16.341    315.000    249.494    0.499      72.700    340.167   518.764   10.000    1.0e+00   505.000   515.900   803.500    0.000      
17.897    345.000    191.643    7.215      72.700    340.005   518.764   10.000    1.0e+00   505.000   515.900   803.500    0.000      
19.454    375.000    188.345    0.318      72.700    338.023   518.764   10.000    1.0e+00   505.000   515.900   803.500    0.000      
21.010    405.000    121.346    0.283      72.700    352.193   518.764   10.000    1.0e+00   505.000   515.900   803.500    0.000      
22.566    435.000    202.213    0.221      72.700    351.657   518.764   10.000    1.0e+00   505.000   515.900   803.500    0.000      
24.123    465.000    208.463    0.188      72.700    351.138   518.764   10.000    1.0e+00   505.000   515.900   803.500    0.000      
