#============================================== Initial parameters ============================================= 
#RAD(arcs) VROT(km/s) DISP(km/s) INC(deg)   P.A.(deg)  Z0(arcs)   SIG(E20)   XPOS(pix)  YPOS(pix)  VSYS(km/s) 
15.000     150.000    10.000     72.700     339.800    10.000     1.000      505.000    515.900    803.500    
45.000     150.000    10.000     72.700     339.800    10.000     1.000      505.000    515.900    803.500    
75.000     150.000    10.000     72.700     339.800    10.000     1.000      505.000    515.900    803.500    
105.000    150.000    10.000     72.700     339.800    10.000     1.000      505.000    515.900    803.500    
135.000    150.000    10.000     72.700     339.800    10.000     1.000      505.000    515.900    803.500    
165.000    150.000    10.000     72.700     339.800    10.000     1.000      505.000    515.900    803.500    
195.000    150.000    10.000     72.700     339.800    10.000     1.000      505.000    515.900    803.500    
225.000    150.000    10.000     72.700     339.800    10.000     1.000      505.000    515.900    803.500    
255.000    150.000    10.000     72.700     339.800    10.000     1.000      505.000    515.900    803.500    
285.000    150.000    10.000     72.700     339.800    10.000     1.000      505.000    515.900    803.500    
315.000    150.000    10.000     72.700     339.800    10.000     1.000      505.000    515.900    803.500    
345.000    150.000    10.000     72.700     339.800    10.000     1.000      505.000    515.900    803.500    
375.000    150.000    10.000     72.700     339.800    10.000     1.000      505.000    515.900    803.500    
405.000    150.000    10.000     72.700     339.800    10.000     1.000      505.000    515.900    803.500    
435.000    150.000    10.000     72.700     339.800    10.000     1.000      505.000    515.900    803.500    
465.000    150.000    10.000     72.700     339.800    10.000     1.000      505.000    515.900    803.500    
495.000    150.000    10.000     72.700     339.800    10.000     1.000      505.000    515.900    803.500    
525.000    150.000    10.000     72.700     339.800    10.000     1.000      505.000    515.900    803.500    
555.000    150.000    10.000     72.700     339.800    10.000     1.000      505.000    515.900    803.500    
585.000    150.000    10.000     72.700     339.800    10.000     1.000      505.000    515.900    803.500    
615.000    150.000    10.000     72.700     339.800    10.000     1.000      505.000    515.900    803.500    
645.000    150.000    10.000     72.700     339.800    10.000     1.000      505.000    515.900    803.500    
675.000    150.000    10.000     72.700     339.800    10.000     1.000      505.000    515.900    803.500    
705.000    150.000    10.000     72.700     339.800    10.000     1.000      505.000    515.900    803.500    
735.000    150.000    10.000     72.700     339.800    10.000     1.000      505.000    515.900    803.500    
