#RAD(Kpc) RAD(arcs)  VROT(km/s) DISP(km/s) INC(deg)  P.A.(deg) Z0(pc)    Z0(arcs)  DENS(un)  XPOS(pix) YPOS(pix) VSYS(km/s) VRAD(km/s) 
0.778     15.000     117.562    0.449      72.700    355.683   518.764   10.000    1.0e+00   505.000   515.900   803.500    0.000      
2.334     45.000     213.964    1.922      72.700    347.524   518.764   10.000    1.0e+00   505.000   515.900   803.500    0.000      
3.891     75.000     225.125    0.741      72.700    344.575   518.764   10.000    1.0e+00   505.000   515.900   803.500    0.000      
5.447     105.000    230.169    0.257      72.700    343.713   518.764   10.000    1.0e+00   505.000   515.900   803.500    0.000      
7.003     135.000    235.565    0.604      72.700    343.562   518.764   10.000    1.0e+00   505.000   515.900   803.500    0.000      
8.560     165.000    230.319    10.910     72.700    343.496   518.764   10.000    1.0e+00   505.000   515.900   803.500    0.000      
10.116    195.000    225.946    12.122     72.700    343.273   518.764   10.000    1.0e+00   505.000   515.900   803.500    0.000      
11.672    225.000    223.647    1.018      72.700    342.888   518.764   10.000    1.0e+00   505.000   515.900   803.500    0.000      
13.228    255.000    224.954    6.874      72.700    342.480   518.764   10.000    1.0e+00   505.000   515.900   803.500    0.000      
14.785    285.000    238.965    0.379      72.700    342.236   518.764   10.000    1.0e+00   505.000   515.900   803.500    0.000      
16.341    315.000    249.494    0.499      72.700    342.267   518.764   10.000    1.0e+00   505.000   515.900   803.500    0.000      
17.897    345.000    192.998    0.629      72.700    342.472   518.764   10.000    1.0e+00   505.000   515.900   803.500    0.000      
19.454    375.000    192.095    0.205      72.700    342.463   518.764   10.000    1.0e+00   505.000   515.900   803.500    0.000      
21.010    405.000    121.346    0.283      72.700    341.645   518.764   10.000    1.0e+00   505.000   515.900   803.500    0.000      
22.566    435.000    189.088    0.217      72.700    339.516   518.764   10.000    1.0e+00   505.000   515.900   803.500    0.000      
24.123    465.000    197.447    0.238      72.700    336.058   518.764   10.000    1.0e+00   505.000   515.900   803.500    0.000      
36.573    705.000    39.009     0.230      72.700    223.497   518.764   10.000    1.0e+00   505.000   515.900   803.500    0.000      
