# ELLPROF results for NGC3741
#
# Map units: u = JY/BEAM*KM/S
# Pixel area: 2.25000 arcs2
#
# Columns 2-6  : ring statistics (sum, mean, median, standard deviation and median absolute deviation from the median) in map units (see above).
# Column  7    : effective number of valid pixels within the ring.
# Columns 8-10 : surface density, its error and face-on surface density (inclination corrected).
# Columns 11   : effective number of blank pixels within the ring.
# Columns 12-13: surface density and face-on surface density including area covered by blank pixels (total area: NPIX + NPIXBL).
# Columns 14-15: (ONLY FOR HI DATA!) face-on (inclination corrected) number surface density and mass surface density.
#
#  RADIUS       SUM      MEAN    MEDIAN    STDDEV       MAD      NPIX     SDENS    ERR_SD  SDENS_FO    NPIXBL   SDENSBL SDENSBL_FO  HIDENS_FO HIMASSDENS 
#  arcsec         u         u         u         u         u       pix   u/arcs2   u/arcs2   u/arcs2       pix   u/arcs2    u/arcs2   1E20/cm2   Msun/pc2 
#
   10.000 3.672e+01 1.497e-01 1.559e-01 3.627e-02 3.031e-02 2.452e+02 6.654e-02 1.612e-02 2.917e-02 0.000e+00 6.654e-02  2.917e-02  1.531e+01  1.227e+01 
   30.000 8.424e+01 1.148e-01 1.152e-01 3.833e-02 3.015e-02 7.335e+02 5.104e-02 1.703e-02 2.238e-02 0.000e+00 5.104e-02  2.238e-02  1.175e+01  9.409e+00 
   50.000 9.757e+01 7.968e-02 7.315e-02 3.511e-02 2.248e-02 1.224e+03 3.541e-02 1.560e-02 1.552e-02 0.000e+00 3.541e-02  1.552e-02  8.150e+00  6.528e+00 
   70.000 1.115e+02 6.507e-02 6.154e-02 2.580e-02 1.897e-02 1.714e+03 2.892e-02 1.147e-02 1.268e-02 0.000e+00 2.892e-02  1.268e-02  6.655e+00  5.330e+00 
   90.000 1.220e+02 5.539e-02 5.327e-02 2.184e-02 1.475e-02 2.203e+03 2.462e-02 9.708e-03 1.079e-02 0.000e+00 2.462e-02  1.079e-02  5.666e+00  4.538e+00 
  110.000 1.253e+02 4.652e-02 4.231e-02 1.801e-02 1.010e-02 2.693e+03 2.068e-02 8.003e-03 9.064e-03 0.000e+00 2.068e-02  9.064e-03  4.759e+00  3.811e+00 
  130.000 1.303e+02 4.087e-02 3.742e-02 1.694e-02 1.032e-02 3.188e+03 1.817e-02 7.527e-03 7.964e-03 0.000e+00 1.817e-02  7.964e-03  4.181e+00  3.349e+00 
  150.000 1.176e+02 3.216e-02 2.854e-02 1.820e-02 1.180e-02 3.658e+03 1.429e-02 8.090e-03 6.266e-03 1.500e+01 1.424e-02  6.240e-03  3.289e+00  2.635e+00 
  170.000 1.042e+02 2.532e-02 2.056e-02 1.707e-02 1.061e-02 4.116e+03 1.125e-02 7.585e-03 4.933e-03 4.600e+01 1.113e-02  4.878e-03  2.590e+00  2.074e+00 
  190.000 9.006e+01 2.120e-02 1.649e-02 1.677e-02 1.081e-02 4.248e+03 9.422e-03 7.452e-03 4.130e-03 4.012e+02 8.609e-03  3.774e-03  2.168e+00  1.737e+00 
  210.000 7.975e+01 2.006e-02 1.480e-02 1.632e-02 9.760e-03 3.975e+03 8.916e-03 7.255e-03 3.909e-03 1.164e+03 6.896e-03  3.023e-03  2.052e+00  1.644e+00 
  230.000 7.440e+01 1.939e-02 1.292e-02 1.680e-02 9.252e-03 3.836e+03 8.619e-03 7.467e-03 3.778e-03 1.795e+03 5.871e-03  2.574e-03  1.984e+00  1.589e+00 
  250.000 7.092e+01 2.082e-02 1.553e-02 1.688e-02 1.097e-02 3.407e+03 9.251e-03 7.504e-03 4.055e-03 2.708e+03 5.155e-03  2.260e-03  2.129e+00  1.705e+00 
  270.000 6.900e+01 2.110e-02 1.571e-02 1.763e-02 1.200e-02 3.270e+03 9.378e-03 7.835e-03 4.111e-03 3.336e+03 4.642e-03  2.035e-03  2.158e+00  1.729e+00 
  290.000 6.719e+01 2.259e-02 1.870e-02 1.699e-02 1.272e-02 2.974e+03 1.004e-02 7.552e-03 4.401e-03 4.124e+03 4.207e-03  1.844e-03  2.311e+00  1.851e+00 
  310.000 6.638e+01 2.387e-02 2.046e-02 1.753e-02 1.404e-02 2.780e+03 1.061e-02 7.791e-03 4.652e-03 4.811e+03 3.887e-03  1.704e-03  2.442e+00  1.956e+00 
  330.000 6.713e+01 2.507e-02 2.067e-02 1.875e-02 1.473e-02 2.678e+03 1.114e-02 8.335e-03 4.884e-03 5.398e+03 3.695e-03  1.620e-03  2.564e+00  2.054e+00 
  350.000 6.380e+01 2.407e-02 1.898e-02 1.808e-02 1.342e-02 2.650e+03 1.070e-02 8.036e-03 4.690e-03 5.916e+03 3.310e-03  1.451e-03  2.462e+00  1.972e+00 
  370.000 5.823e+01 2.346e-02 1.888e-02 1.729e-02 1.322e-02 2.482e+03 1.043e-02 7.685e-03 4.571e-03 6.580e+03 2.856e-03  1.252e-03  2.400e+00  1.922e+00 
  390.000 5.334e+01 2.372e-02 2.053e-02 1.639e-02 1.337e-02 2.249e+03 1.054e-02 7.283e-03 4.622e-03 7.305e+03 2.482e-03  1.088e-03  2.426e+00  1.943e+00 
  410.000 4.837e+01 2.206e-02 1.983e-02 1.492e-02 1.175e-02 2.193e+03 9.803e-03 6.630e-03 4.297e-03 7.845e+03 2.142e-03  9.389e-04  2.256e+00  1.807e+00 
  430.000 4.329e+01 2.021e-02 1.751e-02 1.346e-02 1.021e-02 2.142e+03 8.981e-03 5.980e-03 3.937e-03 8.385e+03 1.828e-03  8.013e-04  2.067e+00  1.655e+00 
  450.000 2.132e+01 1.144e-02 8.924e-03 8.347e-03 5.302e-03 1.863e+03 5.085e-03 3.710e-03 2.229e-03 9.149e+03 8.604e-04  3.772e-04  1.170e+00  9.373e-01 
  470.000 1.434e+01 9.518e-03 8.095e-03 6.410e-03 4.833e-03 1.507e+03 4.230e-03 2.849e-03 1.854e-03 1.000e+04 5.539e-04  2.428e-04  9.735e-01  7.797e-01 
