#============================================== Initial parameters ============================================= 
#RAD(arcs) VROT(km/s) DISP(km/s) INC(deg)   P.A.(deg)  Z0(arcs)   SIG(E20)   XPOS(pix)  YPOS(pix)  VSYS(km/s) 
10.000     40.000     8.000      64.000     44.000     10.000     1.000      509.600    516.000    229.100    
30.000     40.000     8.000      64.000     44.000     10.000     1.000      509.600    516.000    229.100    
50.000     40.000     8.000      64.000     44.000     10.000     1.000      509.600    516.000    229.100    
70.000     40.000     8.000      64.000     44.000     10.000     1.000      509.600    516.000    229.100    
90.000     40.000     8.000      64.000     44.000     10.000     1.000      509.600    516.000    229.100    
110.000    40.000     8.000      64.000     44.000     10.000     1.000      509.600    516.000    229.100    
130.000    40.000     8.000      64.000     44.000     10.000     1.000      509.600    516.000    229.100    
150.000    40.000     8.000      64.000     44.000     10.000     1.000      509.600    516.000    229.100    
170.000    40.000     8.000      64.000     44.000     10.000     1.000      509.600    516.000    229.100    
190.000    40.000     8.000      64.000     44.000     10.000     1.000      509.600    516.000    229.100    
210.000    40.000     8.000      64.000     44.000     10.000     1.000      509.600    516.000    229.100    
230.000    40.000     8.000      64.000     44.000     10.000     1.000      509.600    516.000    229.100    
250.000    40.000     8.000      64.000     44.000     10.000     1.000      509.600    516.000    229.100    
270.000    40.000     8.000      64.000     44.000     10.000     1.000      509.600    516.000    229.100    
290.000    40.000     8.000      64.000     44.000     10.000     1.000      509.600    516.000    229.100    
310.000    40.000     8.000      64.000     44.000     10.000     1.000      509.600    516.000    229.100    
330.000    40.000     8.000      64.000     44.000     10.000     1.000      509.600    516.000    229.100    
350.000    40.000     8.000      64.000     44.000     10.000     1.000      509.600    516.000    229.100    
370.000    40.000     8.000      64.000     44.000     10.000     1.000      509.600    516.000    229.100    
390.000    40.000     8.000      64.000     44.000     10.000     1.000      509.600    516.000    229.100    
410.000    40.000     8.000      64.000     44.000     10.000     1.000      509.600    516.000    229.100    
430.000    40.000     8.000      64.000     44.000     10.000     1.000      509.600    516.000    229.100    
450.000    40.000     8.000      64.000     44.000     10.000     1.000      509.600    516.000    229.100    
470.000    40.000     8.000      64.000     44.000     10.000     1.000      509.600    516.000    229.100    
