#RAD(Kpc) RAD(arcs)  VROT(km/s) DISP(km/s) INC(deg)  P.A.(deg) Z0(pc)    Z0(arcs)  DENS(un)  XPOS(pix) YPOS(pix) VSYS(km/s) VRAD(km/s) 
0.156     10.000     10.083     8.015      64.000    63.613    155.629   10.000    1.0e+00   509.600   516.000   229.100    0.000      
0.467     30.000     21.974     7.846      64.000    46.556    155.629   10.000    1.0e+00   509.600   516.000   229.100    0.000      
0.778     50.000     27.261     5.242      64.000    37.783    155.629   10.000    1.0e+00   509.600   516.000   229.100    0.000      
1.089     70.000     28.462     4.104      64.000    33.903    155.629   10.000    1.0e+00   509.600   516.000   229.100    0.000      
1.401     90.000     29.874     2.811      64.000    33.135    155.629   10.000    1.0e+00   509.600   516.000   229.100    0.000      
1.712     110.000    31.246     2.238      64.000    34.592    155.629   10.000    1.0e+00   509.600   516.000   229.100    0.000      
2.023     130.000    32.862     2.481      64.000    37.794    155.629   10.000    1.0e+00   509.600   516.000   229.100    0.000      
2.334     150.000    36.757     1.583      64.000    42.221    155.629   10.000    1.0e+00   509.600   516.000   229.100    0.000      
7.003     450.000    41.594     0.108      64.000    61.631    155.629   10.000    1.0e+00   509.600   516.000   229.100    0.000      
